2790539665
2789589506
3279743334
3277363007
3275102155
3263661945
3263661938
3263661929
3263661911
3260489977
2871219127
2295966502
2295914846
2293849040
3258454867
2576946686
2576936281
2293215100
2289592721
2212172627
2869372636
2869372571
2869370401
2869369048
2869368781
2869365850
2868581564
2868286743
2868278184
2867375098
2865913253
2865878487
2844111382
2571015760
3252456564
3252447399
3252440623
2075474892
2862602493
2862316911
2214603026
2212172029
2246404014
2075476417
3248428640
3248422944
3248412432
2075489083
2212175616
2212174309
2212173555
2212172123
2858304092
2854384498
2854379637
2854337276
2854329764
2854329606
2854328609
2854327920
2854327740
2854327690
2854321295
2854319824
2854318167
2854312382
2854305569
2854296799
2854295906
2854258839
2854257928
3201095603
3201095509
3201094430
3201094022
3201094021
3201092892
3201092228
3201091387
3201091219
3201080323
3201075444
3201065928
3201063763
3196270528
3196263154
3196252600
3196245168
3196231407
3196223986
3196216548
3196209329
3196202661
3196142363
3196134924
3196127630
2847347751
2843284496
2838274752
2834654525
2834384907
2834380060
2834365320
3004873990
2078696085
2815962466
2815939447
3003588443
3172636481
3169194847
2988943246
3007913001
3135998419
3135998363
3135991885
3135991655
3135991577
3135991383
3135990124
3135990001
3135989798
3135989298
3135989200
3135985571
3135976032
3135975552
3135974979
3135974609
3135974223
3135973629
3135973149
3135972304
3135966643
3135959047
3135959010
3135954295
3135947669
3135947552
3135947349
3135945618
3135940699
3135939790
3135938808
3135937562
3135936467
3135935660
3135935398
3135934868
3135308962
3135305707
3135304639
3135304474
3135303568
3135299761
3135299424
3135298906
3135298134
3135295878
3135293089
3135292607
3135290500
3135288702
3135283862
3135283393
3135283024
3135282457
3135281567
3135281024
3135280255
3135279732
3135274218
3135273945
3135272540
3135271539
3135270929
3135270346
3135267081
3135266436
3135266029
3135265097
3135264347
3135263538
3134672023
3134661700
3134638919
3134628400
3134618713
3134608912
3134597499
3134585568
3134574274
3134554731
3134529175
3134518260
3134506877
3134496532
3134484774
3134474551
3134461404
3134449347
3134437620
3134427478
3134415797
3134404433
3134392836
3134382643
3134372727
3134360814
3134349128
3134338095
3134328145
3134315128
3134302865
3134291871
3134281614
3134275013
3134268892
3134262945
3134256434
3134250411
3134244039
3134238246
3134232463
3134226723
3134220755
3134214904
3134209213
3134203515
3134197723
3134191998
3134186288
3134180782
3134175108
3134169261
3134163306
3134157684
3134152007
3134146252
3134140695
3134135102
3134129546
3134123994
3134118228
3134112681
3134107255
3134101389
3134095760
3134089939
3134084356
3134078551
3134072885
3134067279
3134061529
3134056048
3134050689
3134045206
3006906566
3111828308
3111809473
3111808900
3111808297
3111808050
3111807503
3111807092
3111806926
3111806259
3111805879
3111799859
3111793993
3111575799
3111575764
3111575117
3111544044
3111543956
3111543705
3111537397
3111537087
3111536752
3111536598
3111536229
3111535913
3111535363
3111534281
3111532071
3111514335
3111513885
3111513562
3111513491
3111513207
3111512921
3111512205
3111510544
3111509163
3111508872
3111508124
3111507740
3111507172
3111377906
3111377634
3111377631
3111377628
3111377627
3111377605
3111377603
3111377602
3111377538
3111377535
3111377533
3111377530
3111377432
3111377425
3111377415
3111377413
3111377369
3111377334
3111377329
3111326470
3111323969
3111323955
3111238670
3110764987
3108154791
3107109484
3107097604
3107083940
3104326455
3104316319
3104309899
3104303202
3104296432
3104289956
3104283531
3104276948
3104270426
3104259717
3104249238
3104242705
3104236123
3104229626
3103671759
3103663879
3103654679
3103645260
3103636809
3103627776
3103619155
3103585389
3103579025
3103572797
3103566613
3103560651
3103554476
3103547995
3103541550
3103535069
3103528558
3103522083
3103515646
3103509104
3103502654
3103496199
3103489811
3103483253
3103476890
3103470477
3103464119
3103457681
3103451087
3099860427
3076114876
3070929868
3070923025
3070791643
2289592814
3070160806
2809457934
2575612238
2575606535
2575618672
2575618655
2575612289
2575612194
2575612111
2575606947
3063068829
3063068820
3063068817
3063068774
3063068768
3063068696
3063068660
3063068603
3063068038
3063067992
3063067977
3063067973
3063067960
3063067917
3063067791
3063067789
3063067785
3063067781
3063067741
3063067723
3063067613
3063067570
3063067441
3063067400
3063067380
3063066953
3063066933
3063066541
3063066474
3063066062
3063065868
3063064801
3063032390
3063032378
3063032357
2806100380
2575620895
2575606492
2281952347
2075947520
2075488351
1695109124
3062722452
3062713253
3062706931
3062700675
3062694171
3062681899
3062666776
3062655189
3062649350
3062643548
3062637653
3062631860
3062626180
3062620495
3062614817
3062609147
3062603530
3062597632
3062591761
3062585822
3062573520
3062567390
3062555439
3062549535
3062537152
3062530811
3062524447
3062516721
3062508925
3062501066
3062493438
3062484604
3062476838
3062468733
2074430535
3062060608
3062060606
3062057397
2074365995
3061337367
2572520503
2572514308
2574394807
2571015408
2181209890
2283620988
2282779791
2794535061
2794535015
2794532502
2794532308
2565107394
1868006548
1867998700
1867998590
3057695553
3057683364
3055186657
3055168351
2281952406
2208967743
2208511128
2208508107
2208507911
2208507506
1023037698
1015912017
983584575
976160926
3043901494
2790023880
2790014235
2790008980
1864106468
2790034218
2561844735
2279016828
2208967725
2208500318
2208492562
2558478991
2558478958
2557738679
2206998833
3042170426
2771147047
2785139019
3043879224
2784228220
3042191511
3039824767
3039733558
3038248727
2208491546
2208507836
3036827811
2274171530
2208501807
1858935201
1858936181
1858934413
1857918384
1654843569
1654841213
2779926838
2779808607
2273094670
2273082065
2273079170
1858935000
1858934859
1858934536
1858933856
1858933457
1858112999
1857930167
1857906614
1857885190
1857882228
1852214604
1852211460
1852204552
1848833482
1848833038
1468518128
1447473798
3034426819
1847269314
1430540435
3031712797
2550307536
1847268950
1772721267
2549089740
2547060640
2547012154
1846588406
1520156871
1178621777
3028614980
2549341830
2549310461
2547049240
2547011694
2546906395
1520407432
1184752687
1184735058
2546883662
1741192904
1740655575
3027610928
2545314119
2263748100
3027156454
2263784623
2756344436
2756344338
2756334498
2532429094
2755728409
2646438204
2646435737
2529611153
2529572486
2529552599
2752867042
2752238472
2496554175
1178632731
2520862919
2747106487
1176903383
3007946627
3007946150
3007942929
3007931550
2520049490
3006088433
3006072675
3006066972
3006058601
2513409861
3004673717
2045605432
3003583380
3003459708
3003459609
3003459500
3003459438
3003459344
3003459203
3003459161
3003458376
3003458312
3003458131
3003458101
3003458056
3003457964
3003457880
3003457764
3003457203
3003457168
3003457148
3003454199
3003454150
3003451591
3003451398
2511565970
2245078243
3003388567
3003382864
3003377049
3003364427
3003358153
3003351849
3003340878
3003329856
3003324034
3003312307
3003304876
3003298832
3003292857
3003286577
3003280564
3003274716
3003263120
3003247221
3003240807
3003234915
3003228891
3003222953
3003213867
3003203781
2511587103
2511566350
2511566315
2511566230
2511542825
2511542660
2511542645
2511527343
2511524132
2511522885
2511522327
2511522244
2511587109
2511542674
2511521596
2999150166
2240392268
2229576290
2229541552
1889821086
2998931200
2508036687
2508028364
2508028352
2508026750
2236807925
2229607769
2037201863
2037201859
2037201854
2037201396
2737845528
2737814662
2507277694
2037193621
2037192807
2035854714
2035842711
2035830794
2997569536
2997555054
2997548645
2997534147
2025124279
2997001791
2997001790
2997001789
2996995495
2996995494
2996782225
2740636294
2505116618
2505113035
2505092847
2505090262
2504971874
2504971782
2504971750
2504971746
2504971709
2504961162
2504961142
2504960957
2504960852
2504960480
2504959752
2504959748
2504959742
2504954338
2504954285
2504942770
2504938070
2504936684
2504936522
2504936340
2504936337
2504837280
2257933413
2231417921
2231358790
2231354767
2230057750
2230043379
2995017367
2499998060
2499653677
2499653338
2994180166
2994021328
2993846210
2993846182
2738923533
2736026957
2222891458
2222875145
1963044963
1957631712
2993205660
2993196805
2496565826
2222892146
2044993191
2737845534
2737837159
2737798727
2737798499
2218296011
2218254883
2218245963
2218240278
2218235060
2218234022
2218227288
2218217329
2218198462
2218185876
2218185758
1595586734
2737816410
2737786932
2218278849
2218275952
2015403595
1957629970
1595579360
2214298868
2214271567
2015338822
2214281186
1963047203
1579944111
2212172177
2211853952
2211836643
1963097657
1963096975
2989799031
2736338475
2211907010
2210517924
2210505458
1957620553
1553508345
2989628505
2318511421
2210481554
2208507692
1822657166
1538821938
1838381627
1520688019
1520369058
1520162124
1511304067
1358103725
1358103338
1358103222
1358094835
1358061161
2181780160
2181721132
2181634933
2181633795
2181630364
2181628492
2988943354
2988943265
2735552734
2181762418
2181735867
2181632049
2181179878
2181151995
2156053603
1493361341
1492888516
1477770217
2988328232
2988324565
2988318531
2734060471
2734060407
2734051969
2734051932
2734012189
2734011297
2181711431
2181689544
2181687759
2181179110
1812362096
1775996199
1487897444
1468440619
1468436717
1463503454
1447487499
1447475664
2987864685
2987858745
2987828829
2247449906
2203319939
1995268341
1995259084
1948249661
2987487104
2987481194
2987470113
2203304692
1045493653
2986503448
2459176628
2728340826
1423907042
1423818902
1398147678
1352969294
2986509619
2986496244
2986489643
2986483101
2986476543
2986469807
2986463243
2986456643
2986450121
2986443364
2986436597
2986430000
2986423841
2986417987
2986411480
2986405494
2986398852
2986392397
2986385844
2986372912
2986366305
2986359635
2986353678
2985442551
2985398565
2985392829
2728100335
1946182279
1543559084
1402708338
1398135150
1385140877
1385137705
1385123680
2980030275
2980023536
2979997020
1983697208
1982667652
1868639132
1864732680
1859867169
1385131456
780007407
2727056866
1713199432
1713178754
1717104072
2976648030
2976151581
2976151453
2976150815
2976150568
2976150469
2976150414
2976150384
2976150366
2976150187
2976150017
2976149934
2976149750
2976149382
2976149291
2976149290
2976149265
2976149056
2976148802
2976148725
2976148505
2976147317
2976147309
2976147263
2976146547
2976145576
2976144400
2976144278
2976142405
2976068585
2976066871
2976064866
2976064586
2976063950
2976057495
2976053573
2975072307
2975072117
2975071669
2975015557
2975015358
2975003539
2975001632
2975001616
2974996152
2974996055
2974996017
2974996002
2974994016
2974991894
2974991733
2974987823
2974987435
2974987234
2974984710
2974983625
2974983408
2974969819
2974961954
2974960291
2974958124
2974955174
2974952371
2973814624
2973473774
2451268142
2971499541
2971079435
2971064279
2971058527
2971052446
2971046666
2971030199
2971023470
2971014100
2970980734
2970974572
2970950403
2970944322
2970938600
2970932203
2970925931
2970913540
2970907196
2970893330
2970883156
2970852429
2970846057
2970839418
2970832788
2970826856
2970816050
2970809938
2970791660
2970785418
2970372411
2970295463
2970174751
2970070984
2970050989
2970045091
2969803095
2721376132
2721365771
2721365554
2721364957
2721363825
2721355737
2721350197
2721328521
2721313396
2721312785
2720892894
2720636122
2720464848
2719802370
2719798451
2719692895
2711732551
2962461733
2711342629
2711341448
2711311877
2711311535
2711293423
2711289106
2711286838
2711277916
2711277873
2710942830
2710894887
2710893730
2710882527
2710876946
2710871817
2711522222
2711515921
2711312070
2710872747
2447852293
2446346938
2445784333
2445749011
2961471207
2961465357
2961459264
2961453657
2961447984
2961442286
2961436637
2961430949
2961424824
2961419026
2961413311
2961403421
2961397385
2961391764
2961386034
2961379566
2961373781
2961368195
2961362080
2961356197
2961350678
2961344852
2961339292
2961333724
2961327391
2961321839
2961315888
2959224846
2959224843
2959224830
2959224815
2959224800
2959224723
2959224608
2959224598
2959224590
2959161043
2959157194
2958106363
2958106341
2958106340
2958106294
2958106288
2958106281
2958106264
2958106227
2958106226
2958106149
2958106138
2958106132
2958106107
2958106100
2958106099
1961021015
2957384730
2957374456
2957368388
2957362541
2957356845
2957350851
2957344782
2957338722
2957332847
2957326982
2957321198
2957315332
2957309555
2957303649
2957297940
2957292208
2957286466
2957280753
2956565116
2956526140
2956504204
2956504071
2956453709
2956064934
2955682606
2955676584
2955667091
2955661345
2955654895
2955643805
2955637299
2955631542
2955625202
2955619410
2955613704
2955607683
2955601133
2955595283
2955589478
2955102970
2955073879
2955062520
2955056882
2955045751
2954828732
2948635252
2946818662
2441871738
2938316204
1477501930
1402704449
1360830268
1214912585
1186208416
1181503808
1180964731
1180963749
1180962752
1180938206
1180937157
1180922696
1180909008
1180883231
1180776385
1172565747
2439390600
2439389240
1122268535
1122267350
1122256364
1103304006
1102027948
1087989559
1087989186
1087989078
1073100443
1042709213
1035816055
1017222811
984670912
979840119
976161073
976160934
976159261
976151597
970955512
928796126
2439388303
2439386985
2439381000
2439370745
2439362980
2439358614
2936022822
2617748036
2934848594
2426275565
2426269362
2426263630
2426260515
2426254942
2426251347
2426248479
2426244753
2426241159
2426236273
2426231207
2426222542
2421811593
2421811201
2421811156
2421811126
2421811122
2421810181
2421810094
2421810042
2421810020
2421809988
2421809976
2421809939
2421809886
2421809794
2421809760
2421809725
2421809677
2421809638
2421809627
2421809367
2421809276
2421809242
2421809217
2421809133
2421808960
2421808930
2421808927
2421808876
2421808845
2421808666
2421808650
2421808515
2421808461
2421808412
2421808096
2421808031
2421807876
2421807773
2169864359
2169591720
1949624295
1949160833
1948257203
1948247443
1948243479
1301685650
1301685643
1300226755
2417947685
1939179645
1938945197
1938852869
1938802249
1776196883
1252880845
1227408440
1227408438
1219672778
1211947559
1209941374
1209898447
1209865708
1207086767
1207076755
2930199021
1942805033
985614099
985613865
985613471
779958137
2674218581
2416356829
1941077235
1941076928
2670214101
2670213346
2670212679
2670212148
2670211337
2670197560
2670173878
2670155818
2670147674
2668543852
2667347415
2665687446
2665555470
2665555437
2665555401
2665554987
2665554583
2665554140
2665103330
2665087822
2665051695
2665051026
2665050398
2665048831
2665047457
2665046748
2665046525
2665046021
2665045156
2665043463
2665042055
2665039650
2665039115
2665038404
2665036817
2665036798
2665035896
2665035398
2665034962
2665033914
2665033309
2665032311
2665030252
2665028331
2665027309
2665026063
2665024597
2665020460
2665001537
2665001462
2665001441
2665001355
2665001345
2665001334
2665001294
2665001238
2665001113
2665001100
2665001074
2665000996
2665000928
2665000920
2665000893
2665000865
2665000807
2665000794
2665000749
2665000692
2665000691
2665000585
2665000541
2665000518
2665000490
2665000486
2664999690
2664998819
2664998805
2664998799
2664998794
2664998768
2664998685
2664996873
2664993410
2664991249
2664989695
2664989587
2664989227
2664989044
2664988736
2664988573
2664988429
2664987836
2664985678
2664976459
2664971849
2664971842
2664971819
2156700417
2156700309
2156688686
1779555932
1779542287
2617410617
2617407975
2617399873
2617398619
2413355989
2661840655
2617427566
2617415186
2617414892
2617414713
2617413121
2617412375
2617408726
2617408227
2617407855
2617399951
2617399050
2399095391
2399073390
2399042480
2399009795
2396326416
2648899802
2648744825
2648742303
2648742191
2396300397
1777714347
1777706543
1777705692
2388357140
2388348605
2924612662
2923781773
2923303795
2923072432
2923065958
2923055597
2921394335
2646412982
2151453640
1100995357
1068537777
1063301983
1063301891
1063301890
1063301846
1063301840
1063301756
1063301753
1063294332
1693417759
1693408638
2645292437
2645291477
2645287363
2645287039
1774834815
902970321
898321271
817611511
751912329
1879219394
2638843564
2638590819
2638590189
2638534828
2194571239
2129915564
2129822241
1853623946
1836669091
1821084984
1382333693
872498167
2913850409
1275821142
2913700527
2913587060
2913587053
2913587041
1800216108
2913170053
2913170052
2913154813
1962970233
1960338206
1960166407
1800083257
1798042478
2907348405
2907323506
2181204354
2181204282
2181179815
2181178736
2181161757
1717080514
1575626887
2181204708
2181179510
2181178370
2630272872
759447752
2178832824
2178827360
2178739183
2176864754
1956233473
2174421618
1383428256
1374263467
2325608520
1831052453
983470178
2623834566
2612709525
1562274497
1520440032
1520202468
1520155765
2091960627
2091928976
2091927958
2894718187
2621081510
2894488617
2894366126
2894155446
2894086893
2320959851
1914557904
2892867823
2892844823
2618955182
2618954196
2618954194
2891790450
2891743655
2891541910
2618706007
1912169460
2890874908
2890825751
2890825578
2890663587
2890657547
2890618056
2890486691
2103957468
1752487388
2886559307
2886553827
2886069325
2886031627
2074338630
2880475107
2880474293
2880472939
2880471971
2880471908
2880471578
2880470476
2601111334
2594976022
2879818961
2594718886
2594430638
2594344886
2594344753
2594344642
2594323433
1899944575
1899533789
2878210393
2878203475
2878042412
2877966200
2877965863
2877959571
2877959337
2089976782
2089976592
2089975365
2089972520
2089972469
2089971893
2089969709
2089969480
2089969296
2089969212
2089965935
2089962250
2089961434
2089961419
2089961364
2089961357
2089961264
2089961100
2089961096
2089956748
1728110379
1727966195
1727934724
2591441917
2312019053
2310780995
2310775148
2310775095
2310770703
2310766992
1719584829
2590460447
2590430769
2588932758
2587320803
2587281500
2306495482
1624194460
2587304450
2587297339
2306513572
2306486646
2305587704
2873355964
2873192772
2872632842
1893351850
2872483350
2303810729
2084955548
2084948903
2084297315
2084252802
2582558101
2296158566
2295937566
2181174810
2870235963
2868416707
2868411009
2868405274
2868399624
2868393811
2868381434
2867697183
2866929706
2866758454
2866428768
2864824060
2864803504
2864797034
2862601505
2860002744
2852915957
2851406887
2850862168
2850855557
2850849085
2850843306
2850837539
2850805564
2850799728
2850793845
2850788142
2850782068
2850776387
2850770656
2850764680
2850758745
2850752709
2850746851
2850741220
2850735242
2844279817
2842112327
2837314132
2833691552
2832860479
2832835644
2832822527
2246182893
2184418211
2183453258
2183103829
2171714496
2171328726
2171227619
2170955405
2075371520
2075366152
2075360819
2075355167
2075349863
2075343665
2075337938
2814230897
2813884624
2812231501
2808978467
2805602398
2801259694
2793339780
2793333656
2793327923
2793210792
2788841777
2788835349
2788828677
2788821993
2784036920
2778978973
2778973115
2772161857
2770617731
2755799000
2755798999
2755798998
2754822718
2752001359
2751995575
2746352700
2741195315
2740126411
2739534254
2739528084
2738648477
2737415669
2737409981
2737404298
2737273723
2737266942
2737239785
2678274961
2736791293
2736770805
2736180585
2734890278
2734542488
2733775138
2733653075
2732016675
2732010023
2732003552
2731997169
2567965850
2727604064
2727301961
2726408887
2726132142
2724414965
2720215985
2720201161
2720194661
2720186524
2720174461
2720153340
2720146904
2720140366
2720133170
2720126705
2719989653
2719836915
2719746249
2719732282
2719077789
2717503540
2707275836
2707128506
2706519156
2705552876
2702669093
2699785231
2699778824
2699767893
2699756471
2699745151
2699699731
2699693391
2699663382
2699580426
2699555084
2687229145
2679337552
2678817375
2678810982
2678804565
2678794371
2678787981
2678337454
2673516001
2617457859
2669475819
2669465532
2669457552
2669449313
2669442163
2669429025
2669421408
2669415207
2669409262
2669403160
2669384899
2667775480
2667769044
2666530440
2660960208
2660953779
2660947997
2660941983
2660936185
2660930261
2660923936
2660917028
2660910545
2660904155
2660898084
2660891957
2660885545
2660879649
2660873675
2660867962
2660862280
2660855995
2660850149
2660844058
2660837980
2660832070
2660825607
2660819180
2660813061
2660806772
2660800707
2660794521
2660788243
2660781876
2660775864
2660769833
2660763810
2660757861
2660752007
2660746054
2660740231
2660734403
2660728574
2660722414
2660716363
2660710311
2660704136
2660698084
2660692026
2660685213
2660679138
2660672563
2660665701
2660658381
2660651670
2660645141
2660638793
2660631610
2660623646
2660616871
2660610227
2660603808
2660595683
2660587634
2660579819
2660571786
2660563812
2660555342
2660547017
2660540520
2660534241
2660527446
2660521174
2660515012
2660508470
2660502080
2660495614
2660489468
2660483249
2660477208
2660471318
2660465507
2660459747
2660453242
2660446581
2660440717
2660434189
2660427889
2660421832
2660416068
2659447361
2659440906
2656691375
2654441159
2648525785
2647918256
2647911651
2647885791
2643662042
2643632069
2643625759
2643619471
2637722150
2637601104
2637169527
2637162976
2636772937
2627444069
2624513439
2622012129
2620985297
2620978815
2620964029
2620949808
2620941451
2620934714
2620928039
2620921633
2620914932
2620908342
2620347455
2606510412
2619776840
2619043438
2618325557
2618287279
2618281603
2618277351
2618246221
2618230307
2618221656
2615062883
2615039523
2615030927
2615022410
2615013990
2615005299
2614996890
2614980774
2614971767
2614962977
2614953890
2614945149
2614936576
2614927695
2614919554
2614899802
2612552784
2612543609
2612533597
2612523164
2597427165
2595939108
2595901734
2594485764
2593396366
2593231811
2592816179
2592628421
2592628419
2592596931
2591938986
2590851556
2586952433
2586946371
2586940502
2584939165
2584932900
2584926800
2584913073
2581323318
2577279320
2575731296
2575724979
2574134314
2574127664
2574115670
2574109370
2574103189
2574096690
2574085723
2574079628
2574073060
2574066828
2569643990
2569626868
2567958753
2567951560
2179795869
2179789544
2563779843
2563768834
2563759425
2563755487
2563748085
2563736864
2563259386
2558037220
2556664950
2556659071
2556653188
2548186144
2546559718
2546355828
2546355827
2542026869
2542017942
2542009749
2542000985
2541966478
2536989620
2532993305
2530242187
2529222467
2529213867
2529207206
2529201289
2529195179
2528868319
2528861574
2528202302
2528196513
2528190637
2522608842
2518097002
2516689592
2515974741
2514551502
2514544053
2514536634
2512932509
2512607249
2512593476
2512571956
2512556766
2512550086
2510797471
2510791120
2510784681
2510778261
2510771509
2510765119
2510758320
2510751752
2510745516
2510738781
2510732503
2510726295
2510719931
2510713657
2510707305
2510700916
2507821092
2507092351
2507085914
2507079452
2507068802
2506648047
2502789695
2502768901
2501834492
2501827766
2501820353
2501813919
2501807338
2501801379
2501794922
2501789060
2501777162
2501770516
2501749900
2501743873
2501737882
2501731983
2501725976
2501720098
2501714073
2501708108
2501702382
2501695865
2501689910
2501683228
2501676638
2501669890
2501664008
2501658029
2501468911
2499379016
2496134192
2496127250
2459529976
2459523451
2457338870
2450958390
2447022277
2446175589
2444390543
2444104613
2443206122
2443200171
2443194609
2443188150
2443174917
2443162113
2443156212
2443150163
2443144199
2443138072
2443132465
2443126878
2443121122
2443115374
2443108979
2443103331
2443097464
2443091156
2443085125
2443079515
2443073167
2443066984
2443061380
2443055276
2443049555
2443044122
2443038487
2443032869
2443027064
2443021403
2443015680
2443010062
2443003920
2442997987
2442992035
2442986158
2442973855
2442968176
2442962522
2442956851
2442950948
2442944673
2442939012
2442933224
2442927481
2442921538
2442915781
2442909906
2442904173
2442898572
2442892658
2442886506
2442880666
2442874416
2442868758
2442862680
2442856577
2442850132
2442844266
2442838441
2442832717
2442826885
2442821054
2442814760
2442808194
2442802014
2442790510
2442783959
2442777916
2442772186
2442765664
2442759443
2442747143
2442740920
2442734632
2442728935
2442723003
2442716719
2442710659
2442704267
2442698018
2442691692
2438475277
2438467585
2438459054
2438450879
2438443751
2438436387
2438427881
2438417745
2438408674
2422098466
2422059806
2422053869
2422046664
2422040265
2419807123
2419800682
2419794604
2419788593
2419782635
2419776646
2419770374
2419764629
2419758804
2419752306
2419745804
2419739535
2419733740
2419727876
2419722160
2419716530
2419710631
2419704823
2419698663
2419692327
2419685931
2419679957
2419673741
2419667475
2419661318
2419655599
2419649346
2419643571
2419637215
2419630759
2419624766
2419618895
2419612545
2419606801
2419600288
2419593994
2419587907
2419582154
2419575682
2419569607
2419563649
2419557892
2419551697
2419546034
2419539895
2417453662
2416086321
2412871348
2393603707
2393595355
2393585572
2393575983
2384756119
2384748413
2381379783
2326777009
2324978213
2320656659
2320656653
2320656649
2320656646
2320653661
2320650637
2320650634
2320650628
2320650627
2320531518
2318581051
2318574592
2317627238
2310606844
2308863823
2308699684
2308693257
2308686650
2308680215
2304957955
2304943495
2304937786
2304521379
2301610061
2295817102
2295620661
2295614995
2295238190
2293399690
2290860434
2289028317
2289022087
2281301949
2283208647
2282042994
2281317328
2276913680
2208028722
2208028721
2273714390
2208028724
2208028723
2208028715
2208028714
2208028711
2208028707
2208028709
2208028708
2208028706
2208028705
2271332824
2271326316
2271274966
2263500770
2263495132
2261430887
2261425111
2246784382
2257557258
2242610260
2239947371
2227441881
2227435882
2227429966
1887200883
2235241203
2230282888
2230270275
2230264511
2229964604
2229958911
2221454972
2221447251
2221347122
2216399975
2216309310
2216274597
2216267994
2216261735
2216254714
2216247935
2216236991
2216224592
2216205220
2216191898
2216177268
2216170814
2212403317
2212397564
2212391898
2210598425
2210112024
2210092302
2210078837
2210055627
2210046329
2207818342
2206126022
2202828822
2202779524
2193684629
2157110678
2180461495
2180455639
2180449337
2180443596
2180437876
2180432246
2180426599
2180420161
2180414505
2180408261
2180402567
2180396884
2180390924
2180385283
2180379608
2180360744
2179823059
2179817190
2179811039
2179802874
2179783077
2179776452
2179770402
2177589533
2175778593
2175375936
2173442050
2169135919
2168769889
2165175663
2165169057
2155575649
2156546558
2156540191
2156533726
2136520939
2129638518
2129631971
1943763211
1830585440
2099836422
2072291233
2090907872
2090894127
2090887476
2089294020
2089284696
2089273355
2089262585
2089254273
2089245454
2089236611
2089226936
2089216483
2089208306
2089200783
2089192423
2089184914
2089177714
2089169241
2089161528
2089153945
2089146454
2089139326
2089132799
2084361205
2084354363
2084074764
2083884477
2077436023
2077430053
2075606049
2075377119
2073915121
2073909411
2056231333
2043747793
2032454560
2032448068
2032441874
2032435298
2030104919
2030094383
2030072063
2029353963
2029347703
2024661855
1958913278
1939055509
2007804466
2007792307
2006903736
1938433761
1993636950
1993630791
1982761036
1976410707
1958942523
1958935915
1958920906
1939190449
1867207002
1958928750
1958836534
1958822652
1953706141
1948816316
1948570195
1946554765
1946525704
1946517938
1946510424
1938390672
1938390671
1938390670
1938390668
1940174419
1940167903
1877805137
1919112397
1913912368
1910818228
1906898200
1836140033
1899781907
1820104984
1899077430
1890985068
1709508115
1709502142
1709495947
1709489567
1877799121
1866729230
1866722918
1866716373
1863515320
1858306410
1858285715
1854778033
1854766220
1854744365
1854734663
1854726098
1854709809
1854698670
1854684952
1854674255
1854660178
1854649030
1854637997
1854623666
1854615033
1853450623
1853444972
1851322261
1851319147
1851318943
1848000971
1847987161
1846885916
1846879390
1839535652
1837574581
1489970369
1775210854
1822095789
1817247447
1810679942
1799217550
1798464207
1790881207
1796459992
1791073187
1779236431
1779229601
1777167988
1777158339
1777155652
1775839689
1774401358
1772334761
1772271906
1560771854
1572810580
1519127374
1519117106
1519102158
1519134079
1519006927
1750452284
1733404750
1733063483
1726190503
1726184495
1726178503
1717403212
1686970790
1686959970
1654031216
1645990853
1621302673
1594491069
1594485160
1274804342
1579177344
1567437456
110645304
1552064714
1537778498
1537772162
1537766218
1537062175
1537026769
1537020888
1536905937
1518051430
1518045211
1518038964
1510256160
1509762642
1497384849
1450437624
1450437567
1450437511
1491792936
1482790997
1476674759
1465637742
1464549890
1464543693
1450447395
1445251871
1445245486
1445239295
1427055145
1418472143
1418466054
1418459708
1399187661
1398633830
1395850546
1395822475
1384445591
1384430941
1384424227
1384417243
1353913695
1353841036
1353833985
1353820522
1353814431
1379394853
1378074500
1373031773
1359201046
1344721535
1293536459
1293526293
1293516246
1293506028
1249974457
1179072182
1209529658
1209499233
1209492660
1209486596
1206223313
1206209354
1226086870
1226080390
1219402940
957647579
761589803
670351331
348031532
1181943876
1181889121
1179789697
1178043933
1178041769
1178040075
1178038249
1178022191
1178021311
1178020764
1178003682
1178001541
1177995906
1177851321
1176866288
1169601839
1114081905
1114076285
1114070665
674252391
1102753328
1101462324
1100615720
1084372074
1084365647
1084359447
1072789861
1066959788
1062870114
1062855109
1062781963
1062750587
1062744509
1062738203
1062732119
1062725749
1062719705
1044641851
1033866465
685837395
1022528561
1016892938
970332569
1013864167
961421427
954630252
927993303
984361056
982189197
975043142
974341323
974335511
974311447
974282928
974255378
861670927
927226644
915391195
881079720
745838743
815968487
575870901
218768969
751373101
576902775
567363169
563408818
566561164
557709751
514245605
477548288
392316915
347302377
115583796
110227054
