3342164784
3342162078
3342159239
3342156536
3342153711
3342151085
3342148399
3342145737
3342143041
3342140229
3342137511
3342134687
3342131959
3342129061
3342126339
3342123609
3342120702
3342117870
3342115012
3342112114
3342109435
3342106813
3342103957
3342101229
3342098395
3342095561
3342092850
3342090169
3342087403
3342084657
3342081964
3342079264
3342076471
3342073795
3342070981
3342068290
3342064676
3342060088
3342056461
3342052717
3342049626
3342046578
3201359331
3335652619
3335646335
3335642166
3335638432
3201383674
3333459357
3333399136
3333391724
3333389158
3333344748
3333330865
3332172052
3332169412
3325689820
3319344429
3319343836
3319342670
3319341364
3319338468
3319328666
3318962299
3318639290
3318639045
3318638800
3318636155
3318635351
3318635056
3318634500
3318634234
3318633631
3318632844
3318631822
3318630871
3318629957
3318629524
3318629235
3318628959
3318628666
3318627702
3318626716
3318625462
3318624117
3318623645
3318622592
3318621260
3318620161
3318619491
3318619012
3318617482
3318615189
3318614830
3318614521
3318611967
3318610867
3318610280
3318609863
3318606620
3318606120
3318602326
3318601333
3318600113
3318597603
3318596312
3318590050
3318586041
3297662161
3292260120
3292254604
3292248666
3292242840
3292238184
3292232902
3292227192
3292221714
3292216029
3292211307
3292206340
3292201527
3292196620
3292190934
3292185888
3292179533
3292173125
3292166765
3292161567
3292156240
3292151355
3292148068
3292144829
3292142031
3292138980
3292135930
3292132782
3292129689
3292126751
3292122083
3292117210
3292111312
3292105061
3292099114
3292094087
3292087750
3292082674
3292077265
3292072168
3292066707
3292061695
3292055896
3292049448
3292044150
3292038152
3292032325
3292014561
3292008477
3292002575
3291991331
3291977478
3281783534
3280043843
3269925634
3269922996
3053987493
3053961974
3107147953
2867812875
2866147112
2866146980
2866146977
2866146346
2866146320
2866124610
2866123348
2866122801
2866122727
2866122674
2866113354
2866111541
2866105900
2866104404
2866092871
2866087030
2865845599
2865844008
2865832474
2862620319
2862617508
2862611456
2862611211
2862611208
2862607417
2862607410
2862578831
2862578499
2862578498
2862578491
2862578173
2862578136
2862578129
2862578123
2862578114
2862574615
2862574609
2862574588
2862574584
2862574571
2862574489
2862574480
2862574478
2862574477
2862574463
2862574447
2862574436
2862408415
2079554734
2802718338
2802717876
2802716893
2165683108
2165683006
2165682589
2165682443
2165682321
2860059737
2860059631
2564993448
2564993298
2860059481
2860059388
2802076823
2802074088
2802071329
2565030694
2564993978
2564989196
2564988374
2564987474
2165682160
2165676349
2860059745
2858243821
1884626236
1741175607
1741172300
1442987364
844757958
2091885849
1741196805
1740694791
1740674174
1724271796
1719069568
1719068555
1719048373
1719041079
1719015021
1718948475
1140871389
3233550211
2082772905
2079522281
2079516275
2079516251
3220507188
3201384266
2848921093
2848921087
1884625065
3201359398
3201358211
3201357176
3201280150
3201279986
3201279831
3201279582
3201279404
3201279375
3201279292
3201279155
3201279077
3201278399
3201278168
3201277047
1800099960
1750723093
1724292863
1712709110
1693108403
1398002319
3199036431
3199028614
2594419856
2594363561
2583466381
2581405957
2581405098
2580145654
2580144445
2579621604
2314110841
2314100633
2314094150
2314092923
2314092534
2314087648
2314086571
2314015220
2314013942
2314013158
2314011906
2314010765
2314009340
2314008548
2313998371
2313989157
2313985874
2313984853
2313982744
2313981586
2311194192
2311180685
2311176654
2311176592
2310757394
2306589648
2304843916
2302942530
2289599550
2085566426
2079561979
2079559310
2079545313
2079543713
2079538153
2585440328
2583450833
2581399178
2576850700
3191797418
3191794294
3191790981
3191788053
3191785185
3191781760
3191778817
2991949789
2991949583
2991949552
2991949525
2991947511
2991941347
2991941292
2991937743
2991937585
2991937492
2991937133
2991936977
2991935650
2991933819
2988999283
2988998543
2927985137
2154191981
2154183699
2083750429
2083749402
2083749371
2083733070
2991291290
2991288511
2991285803
2991283007
2991273173
2991270487
2991267768
2991261332
2991254790
2991252201
2991249465
2991246814
2991244067
2991238707
2987842325
2987839678
2109141997
2109139339
1956610394
1956607770
1956605084
1956602394
3173351140
3173351136
3173350891
3173350709
3173350642
3173349213
3173348804
3173348677
3173348667
3173347992
3173347924
3173347890
3173347852
3173347781
3173347778
3173347355
3173347179
3173345587
3172712387
3172707777
3172653364
3172647279
2926134000
3170565119
3170539529
3170525052
3170479757
3170472423
3170455163
3170447116
3170443099
3170438466
3170434260
3170430432
3170426338
3170422187
3170417988
3170413956
3170409597
3170404738
3170400375
3170395505
3170391126
3170344288
3170340030
3140237923
3139145625
3111138388
3111138264
3110702519
3108874838
3108871889
3108871790
3108871707
3108871508
3108870963
3108870451
3108870200
3108821154
3108820079
3108820031
3108820014
3108820000
3108819971
3107146444
3101627380
3101627377
3099857853
3093114393
3093111336
3093108480
3093104702
3093101863
3093098606
3093095377
3093092282
3093089347
3093086639
3093083379
3093075028
3093022932
3093009506
2769316765
2769311176
3070898305
3070898304
3070898302
3070898301
3070801856
3070190945
2809395416
2809156423
2809140784
1883480886
1883480280
2786707880
1883478874
2807163882
2575098002
2805550307
2805550293
2805550195
2805267505
2805267491
2805261425
2805260185
2805260091
2805241208
2739177459
2734020630
2718203979
2718151203
2717392759
2717382889
2711539455
2711521714
2711334650
2711190161
1878868623
1878865935
2739177395
2734025080
2718219144
2717401116
2717401067
2717401034
2717400959
2717387988
2711519929
2711346443
2711343717
3061147933
2802029399
2073394085
2801524100
2801505334
2285132190
1871836752
1565562685
3060255199
3060252609
3060249912
3060247289
3060244570
3060241852
3060239135
3060236525
3060233988
3060231389
3060228756
3058793077
2798589662
2798589325
2798588907
2798588786
2798588098
2798587227
2798587215
2798587020
2798586771
2797162051
2797009345
2797009213
2797008980
2797008517
2797007972
2797007185
2794663501
2794654437
2794654033
2794654006
2794653883
2794531397
2794531174
2794530796
2794529186
2794526765
2794526111
2794517071
1865872837
3057772402
3057766861
3057765047
3057764892
3055738157
3055733240
3055730648
3055168352
2793861531
2793821316
2793796160
2564900266
2564900257
2564882701
2564878038
2564878035
2564846336
2520078228
2520077132
1939643936
1209313356
1181272736
1035861069
1035834457
2790586725
2559704592
2559704583
2559696451
2559693639
2278892695
2278892576
1016067315
2553936602
2559704586
2559696456
2559696455
2559696437
2559693634
2559693623
2559693619
2559692018
2559691893
2786086569
2260706631
3044500750
2064751942
2064726533
3042968259
2783106220
2780297813
2728196547
2728195944
2553964685
2553944254
2553937034
2553932556
2553932519
2273498563
2780070926
2780070865
2780070853
2780070712
2780070556
2780070215
2553964114
2553936797
2553936724
2553936023
2553935909
2553935809
2553935093
2553934880
2553698782
2553660724
2553660153
2553647273
2553647237
2553646892
2553646861
2273462644
1668080546
2780071075
2780071047
2780070963
2780070804
2780070732
2780070626
2780070592
2780070251
2780070085
2780070028
2780069882
2780069786
2553936366
2553935592
2553935231
2553932487
2553932462
2553698833
2553697699
2553691454
2553689937
2553661348
2553661060
1675152620
1668051418
1539072925
2780071118
2780070881
2780070838
2780070824
2780070602
2780070553
2780070399
2780070124
2780070107
2780070013
2780069913
2780069863
2725656254
2725656224
2553936544
2553936467
2553934857
2553934743
2553699061
2553691196
2553661411
1675158205
1675135222
1675081385
1667951496
2780070814
2780069720
1852353077
1852342752
1852342144
1852269963
1852231244
1615073463
1559950644
1559950212
2271323626
2270888209
2057456394
2057380271
1527157257
1427798813
1397644051
1374269150
1353421240
3033727873
3031066771
2057385127
2056610648
1374335235
1397992287
1376352309
1846610612
1159287629
2267348900
1352539821
1279617544
1279615777
1196918354
2772899465
2548483018
2771367581
1441382012
2532801667
2532797843
1027727627
2532851482
2532840743
2532835820
2532796368
2756314888
2756313587
2290065850
2290012559
2290011782
2290011539
2290011202
2290010882
2290010315
2290008474
2290008005
2290007569
2290006617
2290004563
2290075438
2290010485
2290010377
2290010146
2290009634
2290009332
2290008837
2290007143
2290005947
2528799198
2528799196
2258510563
2049882532
2528801801
3019118783
3015460739
2751813389
2750973690
2750972763
2750972104
2750971887
2750970441
3014750612
3014747989
2751826818
2751801764
2750973729
2750973528
2750973461
2750973422
2750973296
2750971772
2750971771
2750971027
2750969422
2748024983
2747926573
2747880520
2748088631
2748034799
2250349729
2250347245
2250343356
2250305414
3008687617
2519638986
2519624184
3006773866
2745606545
2515164329
3005689997
3005687222
3005683736
3005605717
3005403256
3005400593
3004889628
3004670934
3003589608
2513417007
2513416853
2218316020
2154190360
3003062024
3003061979
3003061610
3003061301
3003060993
3003055577
3003048433
3003048417
3003048244
3003047905
3003046067
3003046011
3003045569
2045091708
2044969402
3002890461
3002887877
3002885161
3002882587
3002880093
3002877500
3002874823
3002872304
3002869779
3002867178
3002862223
3002859656
3002857154
3002854440
3000954658
2999188705
2999172154
2742929985
2742920340
2742916471
2742910650
2509403045
2509381976
2509371565
2509357204
2509354101
2240342765
2036914417
1841193952
1841193095
2036921903
1838398480
1248556450
2998780829
2998774744
2238122071
2037130851
2037130776
1679411693
2997669869
2997657579
2997575137
2997555436
2997554663
2506540656
2506530280
2506511565
2236627887
2233539353
1615165389
1615163173
1615159004
1615079250
1615071757
2996928700
2996928699
2996928696
2996895051
2996892057
2996891495
2996890291
2996890224
2996889378
2996889000
2996888576
2996887810
2996884912
2996883319
2996881562
2996838482
2996837976
2996822831
2996819944
2996819716
2996819542
2996819524
2996819477
2996819431
2996819393
2996819255
2996819168
2996817357
2996812105
2996810256
2996809511
2996809336
2996809096
2996807340
2996807157
2996799259
2996783228
2996782896
2996777925
2996777634
2996776524
2996776498
2996776437
2996775854
2996775749
2740356088
2740286606
2502877259
2028436904
2028413127
2028411386
2028381306
2027786537
1621459779
2994995850
2994993238
2994990593
2994987974
2994985324
2994982570
2994979864
2994977281
2994974621
2994972002
2994969241
2994966626
2994963934
2994961307
2994958694
2994955892
2994953158
2994950535
2994945596
2994942888
2994940329
2994937690
2994929237
2994926521
2994923834
2994921097
2994918260
2994915400
2994912538
2994909968
2994902374
2994894183
2994886367
2994883738
2994881065
2994878453
2994875783
2994873292
2994870764
2994868107
2994865363
2994859922
2994857337
2740295944
2739178208
2739177484
2739177476
2739177472
2739177453
2739177434
2739177409
2739177402
2502877542
2295014846
2194665735
1828940663
1338009703
1337994134
1337963548
1337954472
1337818303
1337426880
1337426440
1337423357
1337422688
1337308277
1337306291
1337305819
1337305588
1337016629
1337016008
2993821783
2739177480
2739177444
2222919110
2222904547
2194665297
2194665272
2023284807
1828930008
2993143770
2220493466
2220395879
2220323973
1604073742
2214314839
2214268725
1468478745
2483009920
2482836199
2482337436
2214347870
2212172038
2212168511
2212168378
2212168337
2212168272
2212168050
1719019622
1575502651
2990911337
2483009830
2482977676
2482977149
2482836491
2212172121
2212172109
2212172067
2212168481
2212168479
2212168474
2212168325
2212168318
2212168059
1718951049
1577395087
1365237922
2989998936
2736324524
2211770486
1719041335
1441557639
985811988
985810609
1840151726
1565704172
1547566029
1543220440
1543092329
2989373563
2206795552
1997733911
1997721464
1997606031
1817259385
1817134841
2989286452
2372956246
2372925464
2372905131
2372891661
2372844434
2372794748
2260710363
2260695172
2260679719
2260670947
2205512426
2205512294
2205511993
1607258953
1607250441
1575514551
1575501197
1568864822
1568817910
1568814210
1148800891
2988420813
2988420624
2988419109
2734025083
2734022658
2734022653
2734021026
2734019179
2734018771
2462935900
2260716041
2241463972
2241462340
2241462241
1860051749
1771382664
1771381701
1488219333
1475509210
1468443868
1468256905
1443230646
1443226198
1443213216
1443174998
1443100840
1443031216
1443031124
1443029718
1442988220
1442984761
1442984648
1442982868
1442977463
1442977357
1148762539
1148761550
1148707587
1148706190
1148704599
2372989450
2260717381
2241464082
2241463916
2241463816
1485866930
1485850849
1468443799
1443152002
1443034502
1443034372
1443000084
1148764233
2987437251
2987432228
2987429567
2372997049
2202010288
2202008244
2201072785
2201072743
2201072713
2201072590
2201062224
2201062037
2201061975
2201061916
2201061859
2201061814
2201008931
2201008801
2201006891
2201006728
2201006463
2201006130
2201004685
2201004658
2201004211
2201003792
2201003602
2200998710
2200998598
2200998515
1468265126
1468256195
1468225159
1443242286
1443241029
1435905596
1435822847
1433293874
1427863355
1427840530
1427799319
2732359352
2732331954
2732328569
2732318672
2459173613
2459172073
2459165491
2459165465
2202043447
2202035173
2202029874
2202022545
2202007345
2201997582
2201995617
2201989814
2201973246
2201972812
2201072216
2201067380
2201062208
2201013524
2201013273
2201013093
2201012929
2201012817
2201009128
2201008917
2201007963
2201007195
2201006731
2201006553
2201006551
2201005384
2201004569
2201004145
2201003536
2201003534
2201003420
2201003145
2201000449
2201000448
2201000237
2199811598
2199811275
2199809299
2199784790
1817259296
2456054442
2456018416
1993360001
1486684553
1486684486
1485848614
1485844453
1424076728
1424072698
1424030709
1401596427
1401595668
1401588027
1401585518
1398202632
1398201962
1398190928
1398135516
1398135013
1398134680
1398130703
1398130641
1397704300
1397655058
1246792867
1148798492
1148735161
1148732416
1148732192
1148731632
1987557762
1767707843
1485863473
1485863373
1485844623
1485844355
1401595406
1398188270
1398136964
1398136132
1398130615
1385141110
1385141078
1385141013
1385123565
1148800449
1148799775
1148738567
1148736830
2981385323
2981332357
2981332322
2981325563
2981325348
2453059598
2453058961
1987558793
1385131448
1003968600
927544131
2979311271
2979308687
2979305913
2979303161
2979300601
2727057992
2451949778
2195839470
2195792809
757612233
2154253647
2154252629
2978489883
2724525170
2724525024
2724524963
2724524903
2975422429
2974540095
1777600765
2936085884
2936085666
2720633224
2720625356
2720622761
2720619635
2720609609
2720598027
2720583362
2720568002
2720566574
2718273090
2717401060
2717400871
2717387971
2717382783
2715947064
2715947011
2715946930
2715082804
2715082777
2715075605
2715074984
2715072570
2715072499
2715071780
2715071706
2714085906
2714047409
2714027817
2714012401
1269678879
1269662722
1269641289
1159266388
2963230517
1775574682
2962473568
2711521811
2711240994
2711208208
2711083712
2711070124
2711066911
2711064687
2711028802
2710992028
2710778291
2710773851
2710769220
2710765658
2710763678
2710759014
2710757527
2713449215
2711034951
2710769347
2710764847
2446377773
2445110171
2445109889
2445109561
2444857812
2960580827
2711778498
1316569762
983283570
950816961
2189551910
2189270598
2110885038
1852352389
1840457317
1840151132
1802806189
930161532
2957452454
2934636066
2934612945
2954597657
2954426525
2953829744
2953322096
1393733407
1360635283
1355877607
1355834700
1339887103
1339887070
1325876405
1324480120
1324330658
2951673496
2950428463
2950428229
2950428220
2950428196
2948104408
2947754473
2947751733
2947749015
2947746067
2946984358
2945949986
2441815631
2938386289
2938386214
2938386153
2938233848
2938220921
1214756325
1212727825
1209941127
1209891804
1145332093
1140869263
2938171399
2938168708
2938166077
2938146627
2673267441
2673265407
2622266508
2622189489
2622187588
2520070347
2520070227
2246384652
2083045209
1945544398
1344139377
1120547263
1110712336
1103701777
1103216379
1065087359
1027731475
1027730329
1027722058
1027719402
1016065235
1008818213
983496705
983420869
983411767
983397541
979591420
975889699
975875579
975875548
953523386
754567851
749295038
2937992589
2937989958
2936085868
2936085839
2936085819
2936085786
2936085753
2936085708
2936085689
2936085594
2936085578
2936085532
2936085502
2935826303
2935826036
2935807111
2935801928
2935798217
2430506518
2430296667
2429375586
2934656998
2934651806
2934646502
2934643386
2934633275
2934623487
2934618545
2934609505
2934602267
2934598618
2934591637
2169555443
1950841803
1950837876
1298137855
2930836666
2930834012
2930831476
2930828959
2930826307
2930816054
1538653507
1252873157
1209313698
1181253784
1942885747
1867788037
1783872278
1783863992
1783863119
1783836101
1782569418
1750705591
1750660473
1750660343
1750659135
1750418857
1750417609
1714747161
1478105301
1478065617
1783863888
1783863499
1783855420
1783835932
1538828442
1246807313
985589338
985589304
2643534571
2643531473
1783872291
1783872262
1783871921
1783862632
1940459575
1940996145
1940996000
1940961590
1940444726
1780367991
1780329873
1376338879
1269678947
1269649671
1269641087
1932051454
2156058356
2396300046
2388654382
2388630741
2388626058
2388490812
2388655800
2388644414
2388644334
2388629032
2388625676
2388619820
2388596008
2388574265
2388553786
2388551591
2388536871
2388533908
2388531257
2388496748
2923759972
2921231891
2918599894
2918599049
2918598982
2918598694
2918598491
2918598293
2918598198
2151383474
1693108996
2916507999
2916505370
2916500576
2916497838
2916495212
2916492627
2916490040
2916487420
2645309872
2645304622
2645288212
2645287365
2645286955
2645286887
2645286878
2645285746
2645285741
2645285654
2645285643
2645285636
2645285626
2645285613
2645284949
2645284947
2645284944
2645284940
2645282051
2645281826
2645281804
2645281165
2645280848
2645279737
2645279534
2645269609
2645268543
2645267750
2645267372
2645287368
2645286958
2645286881
2645286871
2645285944
2645285648
2645285622
2645285617
2645284936
2645282764
2645281822
2645281305
2645279988
2645267459
1133647940
2915682739
2638838164
2638293904
2625431214
2625419709
2625419696
2625419638
2329256667
2329246965
1929248719
1928578143
1928578105
1928578059
1928577930
1468255718
2914060756
2914060754
2914060712
2914060707
2914060685
2914060672
2914060590
2914060568
2914060536
2914060527
2914060487
2914060450
2914060447
2914060369
2914060340
2914060325
2914060315
2914060304
2914060284
2914060282
2914060273
2914060067
2914060051
2914060018
2914060012
2914059630
2914059623
2913823878
1172215997
2913712444
2913709723
2913706993
2913697746
2913694984
2913692238
2913689601
2913687056
2913684202
2913681431
2913678613
2913675749
2913672931
2913670109
2913667284
2913664423
2913658015
2913655150
2913652364
2913649688
2913643984
2913641278
2913638431
2913635818
2913633176
2913630598
2913627981
1958506378
1800448641
1800121506
1800114000
1800100332
1800100255
1800100084
1800099994
1800099853
1800099554
1800099066
1800098594
1800098549
1800098528
1800098486
1800098230
1800094708
1800094512
1800094442
1800090722
1800088848
1800086356
1800081101
1800077886
1800076999
1800076091
1800067746
1800065834
1800065640
1800064263
1800064162
1797912051
983310191
1959962009
1800099733
1800099015
1800098401
1800098305
1800094416
1800094233
1800093527
1800093172
1800092646
1800091029
1800089489
1800088936
1800088497
1800087994
1800087294
1800085724
1800085252
1800084689
1800080829
1800069867
1800064028
1800063917
1800063582
1800063437
1800062798
1800062192
1800061630
806462661
2908652068
2908649381
2181057827
754575177
2179528509
2179523910
2179523863
2179516125
2179513629
844745958
749295051
749295050
749295046
749295035
749204325
749203622
749198600
749193063
1955344774
2899126063
2899109614
2899109610
2899109264
2899103623
2899103620
2899103617
2899074173
2898305483
2898302742
2898299839
2898297098
2898294355
2898291612
2898288865
2898286123
2175643211
1955911831
1789048257
1729620669
1389017250
1389006115
1385140778
1385131394
1385123421
1374316151
1374277074
1371721018
1334591134
1325892574
1325892476
1279845740
1279845525
1178555387
2624437361
2897641749
1016068196
1016068193
1016067211
1016064704
757462762
1524045750
1133664129
2895355149
2119074316
2110931206
2110921800
2110921311
2110920266
2110920237
2110920218
2110920027
2110919964
2110908655
2110904364
2110898561
2110894591
2110885032
2110884935
2110884771
2110884665
2110884609
2110884535
2110884153
2091902927
2091885764
2894914889
2110931200
2110930859
2110930856
2110930787
2110922343
2110920930
2110920241
2110920240
2110920221
2110920080
2110920033
2110907017
2110905768
2110899352
2110898968
2110898138
2110895064
2110884936
2110884836
2110884829
2110884767
2110884155
2110884068
2110876782
2110876614
1356549201
1352815720
1352798308
1352619715
1352614938
1352584595
1352525575
1016872130
2020411060
2894145511
975883094
2892909186
2892615680
2891672841
2891670117
2891667478
2891664848
2891662192
2891549190
829615601
829611207
749295044
755010342
751258340
2104001112
2890395139
2890394673
2890394575
2890394460
2890394145
2890394001
2890393444
2890393298
2890393181
2890392021
2890391293
2890390396
2890389240
2890388588
2890385968
2890384924
2890362469
2890362458
2890362364
2890362362
2890362303
2890362285
2890362206
2890362166
2890362069
2890361965
2890361902
2890361863
2890361377
2890361301
2890361277
2890361213
2890361167
2890361110
2890361083
2890357853
2890357845
2890357818
2890357772
2890357688
2890357683
2890357613
2890353407
2890353378
2890353374
2890353294
2890353269
2890353256
2890353190
2890352969
2890352912
2890352864
2890352704
2103603908
2103028196
1736670976
1752206493
2889794252
2889790965
2889788352
2889785655
2889783138
2889780489
2889777910
2889775108
2889772545
2889769921
2889767179
2889764572
2889761861
2889759169
2889756487
2889753883
2889751293
2889748718
2889746072
2889743559
2889740976
2889738345
2889735677
2889733023
2889729092
2889725328
2889721621
2889718472
2889715641
2889712986
2889709768
2889705929
2889702820
2889699985
2889696465
2889692074
2889688984
2889686083
2889683394
2889680593
2889677843
2889675154
2889672357
2889669759
2889666942
2889664111
2889661238
2889658347
2889655729
2889653110
2889650540
2889647925
2889645245
2100886291
2100764843
2316301814
2100586024
1907298223
1355446443
1236586396
983466147
2883796664
2883796421
2883796287
2604984981
2882655059
2882649976
2882644670
1746144666
2880627501
2880626263
2880626220
2880626167
2880625789
2880625436
2880625356
2880625033
2880624557
2880623203
2880622513
2880620919
2880618249
2880616885
2880616706
2880616074
2880613486
2880612720
2880611773
2880611370
2880610073
2880609437
2314122169
2314121843
2314121749
2314121655
2314120266
2314116490
2314114259
1453488422
2594663446
2594663175
2314120161
2314119947
1741164212
1741163289
1740682301
2878217021
2878217012
2878216976
2878216950
2878216897
2878216869
2878216840
2878216811
2878216784
2878216750
2878216720
2878216681
2878216644
2878216637
2878216636
2878216633
2878216630
2878216626
2878216623
2878216621
2877879374
2877876387
2311194329
2311181064
2311176707
2311176499
2311176239
1719039200
1719037728
2873386821
2873386273
2873237357
2873234703
2711440647
2711384927
2711291880
2711181685
2222925312
2222918967
2870256244
2870253458
2870202656
2870200018
2870197187
2870194292
2870191418
2870188515
2870185639
2870182834
2870179992
2870172453
2870169609
2870166771
2870163918
2870161092
2868331700
2868328863
2868326090
2868323371
2868320653
2868317869
2868314973
2868312194
2868309547
2868306820
2868304028
2868301201
2868298442
2868295646
2868292728
2865409740
2865409735
2865409722
2865409674
2865409632
2865409565
2865409529
2865404714
2865404693
2865404682
2865401195
2865401185
2865401177
2865390067
2865390052
2865390011
2864223298
2864223296
2864208477
2853136807
2853123934
2853121292
2853100395
2853097755
2850969975
2844585351
2844582714
2563361759
2563359209
2563356543
2563353986
2563351367
2563345076
2563342367
2164544060
2164539751
2164536100
2164531542
2164528954
2164526439
2164523660
2814226164
2766228544
2766225746
2808986110
2808832753
2808830001
2808167426
2806744663
2804893769
2804889112
2804886431
2804883837
2804881248
2804878326
2804875582
2804872966
2804419894
2801128828
2801124713
2800830990
2800711706
2797284566
2797247287
2797244732
2797242043
2797236391
2797233858
2797231295
2797228600
2797225940
2797064141
2796631453
2796628915
2795799815
2795797013
2795794242
2795791490
2794332284
2794329376
2794326558
2794323903
2794321325
2793299219
2793293046
2793253671
2793227869
2793225121
2793217125
2793207954
2792137787
2792129664
2792126987
2789556231
2785599990
2785256050
2782669987
2781901998
2781085026
2780455546
2780452709
2780331233
2780179763
2779074099
2779068517
2779065849
2779063185
2779060482
2779057738
2779055072
2779052297
2779049664
2779047009
2779041570
2779038849
2779036104
2779033264
2779030526
2779027870
2779025266
2779022464
2779019809
2779012377
2779009570
2779006717
2779003983
2779001138
2778998564
2778995895
2778993299
2778990626
2778987980
2778985275
2778394316
2778373842
2701077415
2701077369
2701077319
2701077306
2701077277
2701077238
2701077204
2701077177
2701077136
2701077130
2701077124
2701077119
2701077094
2701077067
2701077016
2701076968
2701076930
2701074007
2701071368
2772165459
2771972772
2771969661
2771966502
2771963275
2771960069
2771956920
2771954275
2771951621
2771948971
2770080639
2755820470
2755815184
2755391457
2754641218
2754326348
2753173683
2752905272
2752386794
2750847121
2750844491
2750829275
2750722063
2750719304
2750714685
2750712034
2750709403
2750706770
2750699536
2750696895
2750690138
2750687363
2750684693
2750682058
2750674857
2750672177
2747330778
2747328093
2747319620
2747306303
2747254693
2746325422
2746199321
2746196447
2745244861
2745242028
2745239264
2745236650
2744450213
2744444921
2744442079
2744103532
2104607862
2742792941
2742790331
2742787709
2742503665
2741314525
2741311644
2741309069
2739574846
2739360091
2739139358
2738828100
2738825379
2738822720
2738820029
2738817249
2738814725
2738812120
2738809378
2738806613
2738803734
2738789962
2738787375
2738784666
2738781876
2737956445
2737588478
2737237019
2736498343
2736397303
2736394570
2736195384
2735203070
2735176763
2735172537
2735147700
2717532442
2715158860
2713795766
2710592888
2710589954
2733754478
2733751812
2733749003
2733746173
2733743510
2733740836
2733721166
2733713221
2732853887
2731984763
2731982255
2731971160
2731968487
2731966221
2731959983
2731957440
2727419421
2727407389
2727392047
2727368805
2727360356
2727357150
2726110246
2724691258
2724688392
2724685834
2724387038
2724384338
2724381714
2724379069
2724107838
2724041801
2724038944
2724036110
2724017925
2724010129
2724007251
2723899993
2723897199
2723894447
2722794364
2722791715
2720798416
2720795651
2720792980
2720425397
2720410934
2720048983
2720046305
2720043494
2720040809
2720038084
2720035506
2720032807
2720029921
2720027173
2719875510
2719743476
2719740813
2719729453
2719726789
2719723953
2719721163
2719718194
2719715452
2719712568
2719709907
2718001144
2717998252
2717455037
2717155544
2717150598
2717148025
2717092624
2717089777
2717087046
2717084461
2717081636
2717073322
2717068133
2717060369
2717057605
2717054934
2717052168
2717049561
2717046727
2715093294
2715085580
2715082806
2714434287
2714419174
2714412158
2714408810
2714405108
2714400953
2714396665
2714389996
2714385342
2714381067
2714376848
2714372877
2714369019
2714365692
2714362092
2714358536
2714354932
2714351658
2714348132
2714344524
2714341021
2714337209
2714333090
2714328917
2714304455
2714300159
2714289503
2714285572
2713873580
2713868528
2713850189
2713847207
2713844498
2713841847
2713834267
2713810232
2713806963
1269122852
1269120188
2708478065
2708475427
2707805491
2707791984
2707789197
2707783738
2707770153
2707767315
2707228412
2707205940
2707051526
2707048699
2705572783
2705569842
2705532156
2705469899
2703979396
2702686525
2702679511
2702676701
2701263281
2700860984
2700500079
2699471018
2699465521
2699462776
2699360920
2693373437
2693370322
2693367321
2689146927
2672478581
2672472546
2516714714
2516709105
2516706446
2516703868
2516700715
2621775395
2621770861
2621759458
2621740771
2246180085
2082214247
1943733331
2675856983
2675856981
2675856978
2675856976
2675856974
2675856973
2675854420
2675854418
2675852401
2670420298
2640507796
2640506330
2646611804
2646609883
2646607737
2646605754
2646603893
2646602128
2646600902
2646599771
2646598512
2646597515
2646596299
2646594336
2646592704
2646590925
2646589450
2646587993
2646586915
2646584824
2646583750
2646582532
2646581022
2646579946
2646578194
2646576408
2646574861
2646573844
2646572428
2646571322
2646570323
2646568502
2646566561
2646564419
2646562568
2646560682
2646558592
2646556524
2646554645
2646552669
2646550847
2646549033
2646547089
2646545057
2646543154
2646541220
2646539345
2646537514
2646535544
2646533538
2646531598
2646529686
2646527562
2646525610
2646523560
2646521491
2646519586
2646517845
2646515803
2646513709
2646511472
2646508854
2646507077
2646505144
2646503185
2646501310
2646499365
2646497485
2646495593
2646493724
2646491784
2646490062
2646488100
2646486114
2646484360
2646482594
2646480828
2646478929
2646476945
2646474987
2646473097
2646471064
2646469004
2646467015
2646465086
2639845657
2639193775
2624852938
2624852934
2624852915
2624852912
2624852905
2624852895
2624851835
2624851818
2624851785
2624851779
2624851776
2624851774
2624851768
2624851764
2624851761
2624851750
2624851357
2624851354
2624851347
2624851314
2624851304
2624851201
2624850259
2624850254
2624850251
2624850238
2624850235
2624850232
2624850229
2624850226
2624850223
2624850222
2624850192
2624850189
2624850104
2624850081
2624850055
2624849990
2624849940
2624849937
2624849901
2624849703
2624849691
2624849676
2624849670
2624849667
2624849664
2636149135
2636146574
2636143933
2621973423
2619178755
2619176064
2619173383
2619093698
2619091125
2619088615
2619085833
2619083284
2619080736
2619078254
2619075766
2619073281
2619070440
2619067735
2619065138
2619062570
2619054882
2619052310
2619049831
2619040817
2619038072
2619035290
925190036
2601003032
2593210064
2593207280
2592851790
2592849201
2582049468
2581709523
2581709517
2581474099
2581474097
2580180449
2580180446
2580177017
2578581247
2578572952
2578556602
2575674744
2573388207
2562457926
2562457924
2562457921
2562457919
2562457917
2562457914
2562457912
2557603912
2557603908
2557603907
2557603906
2557603905
2557603904
2557603903
2557603902
2557603901
2557603900
2557603899
2557603898
2557603897
2552509580
2552135788
2552135782
2552135781
2552135778
2552135773
2552135770
2552135769
2552135768
2552135766
2552135764
2552135763
2552135761
2552135759
2552135758
2552135756
2552135755
2552135754
2552135753
2552135752
2552135751
2552135750
2552135748
2552135747
2552135745
2552135743
2552135742
2552135741
2552135740
2552135739
2552135738
2552135736
2552135734
2552135733
2552135730
2552135728
2552135725
2552135724
2552135723
2537541770
2537537949
2537534348
2537530123
2537526157
2537523093
2537519364
2537515290
2536851189
2531337826
2531335193
2531332572
2531329762
2531327035
2531324402
2384712249
2289349199
2289346650
2289344094
2289341638
2289339079
2289336518
2289333895
2289331213
2289327405
2289324472
2289321680
2289318954
2289316276
2289313674
2289311148
2289308611
2289306092
2289303380
2289300739
2289298030
2289295451
2289292571
2524627719
2524622855
2524620261
2522076016
2522073358
2522070727
2522068001
2522063361
2522060783
2522058050
2522055334
2522052687
2522049975
2522047234
2522044576
2522041783
2522039072
2522036349
2522033775
2522031066
2522028444
2522025848
2522023284
2522020654
2522018011
2522015272
2522012407
2522009809
2522007139
2522004462
2522001711
2521999212
2521996525
2521993958
2521991233
2521988663
2521986081
2521983438
2521980714
2521978182
2521975571
2521972894
2521970298
2521967633
2521964976
2521962415
2521959850
2521957304
2521954533
2521951828
2521949204
2521946456
2521943882
2521941291
2521938603
2521935997
2521933434
2521930941
2521928206
2521925483
2521922928
2521920359
2521917784
2521915123
2521912521
2521909990
2521907398
2521904872
2521902165
2521899630
2521896970
2521894379
2521891717
2521889136
2521886559
2521883861
2521880841
2521878039
2521875149
2521872271
2521869648
2521867086
2521864419
2521861722
2521859022
2521856292
2521853519
2521850497
2521847553
2521844841
2521841931
2521838862
2521835811
2521832697
2521829418
2521825938
2521822834
2521819747
2521816622
2521813382
2521810128
2521806754
2521803643
2521800380
2521796433
2521792126
2521787982
2521783869
2521779617
2521775805
2521771905
2521768983
2521766267
2521763414
2521760636
2521757807
2521754684
2521751584
2521748530
2521745514
2521742669
2521739872
2521737102
2521734149
2521731262
2521728490
2521725629
2521722661
2521719496
2521715696
2521712590
2521709555
2521705614
2521701583
2521698580
2521695722
2521691923
2521687892
2521684071
2521680703
2521677822
2521674965
2521672124
2521669202
2521666258
2521663298
2521660420
2521657703
2521654713
2521651637
2521648415
2521645348
2521642588
2521639526
2521636915
2521634248
2521631543
2521628709
2521625988
2521622698
2521618814
2521614193
2521609558
2521605102
2521601139
2521597299
2521593100
2521589140
2521585500
2521582760
2521580114
2521577371
2521574680
2521571983
2521569090
2521566359
2515273227
2515270741
2515268212
2515266247
2515260841
2514091326
2512549164
2512549163
2509125239
2509120480
2509117788
2509115221
2509112641
2505671987
2505669322
2505664513
2496411020
2496410800
2496410640
2482397729
2482395019
2482392332
2482389650
2482386945
2482384241
2482119118
2461926375
2457806952
2457795892
2457785192
2457772255
2455045729
2455042479
2452483294
2452480525
2294941205
2451526607
2446175583
2442631915
2442629242
2442626697
2442611851
2441517743
2417763664
2429873467
2429870834
2429037126
1859643086
2416983741
2416981094
2367526288
2367520012
2367513753
2367509666
2367502028
2367491885
2367488093
2367482985
2384732315
2381344557
2381096160
2381096066
2381091218
2381091028
2381090707
2381090530
2381090341
2381084994
2381077509
2381069469
2381069085
2381068843
2381068631
2381068432
2381068155
2381064137
2381063952
2381055558
2328498467
2328493265
2315210493
2313415274
2313412524
2313409816
2313407127
2313309160
2313306471
2313303834
2313301187
2313298632
2313296032
2313293270
2313290508
2313287922
2313285166
2313282571
2313279993
2313277400
2313269485
2313261646
2313248171
2313245472
2313237279
2313229371
2313211143
2313206888
2313193499
2313190910
2313182980
2313170080
2313167475
2313159529
2313151373
2313143399
2308667536
2304769767
2304173562
2298629870
2295426768
2289003051
2284112995
2283533171
2276811437
2276808764
2273363741
2273363724
2269771312
2269522540
2264352972
2259994062
2259991455
2259988814
2259986292
2259983576
2259980939
2259978395
2257766119
2251999103
2251999099
2251999097
2251999095
2251999093
2251999091
2251999089
2251999087
2251996319
2249879806
2249658405
2249655788
2249653119
2239103834
2235685216
2233290944
2224838674
2219734736
2221415216
2221394432
2221343750
2221281263
2219734373
2219734079
2219733721
2219727977
2219727692
2219580743
2219575389
2219572429
2215698559
2212319223
2212316359
2212313564
2212087777
2211473454
2211470734
2211468006
2211465300
2211462562
2211459840
2211457087
2211454358
2211451469
2211438706
2211435976
2211433312
2211430638
2211416384
2211413683
2210959821
2206060532
2205030470
2205023171
2204865363
2204862744
2204860180
2204857582
2204854948
2204839046
2204829059
2204826391
2204816132
2204810937
2200332799
2200326720
2200324145
2200321581
2200319009
2200316453
2200313770
2200310495
2200307929
2200305309
2200302734
2200300123
2200297505
2200294951
2200292292
2200289704
2200287163
2200284505
2200281911
2200279355
2200276847
2200274213
2200271642
2200269041
2200266495
2200263888
2200261203
2200258490
2200255904
2200253328
2200250770
2200248002
2200245331
2200242668
2200240098
2200237561
2200234981
2200232403
2200229537
2200227001
2200224399
2200221825
2200219247
2200216673
2200214091
2200211567
2200208993
2200206417
2200203650
2200200985
2200198325
2200195688
2200193054
2200190496
2200187920
2200185279
2200182578
2200180029
2200175111
2200170532
2200164298
2200160127
2152159722
2152156611
2199054331
2198400155
2198396112
2198392231
2194425915
2194423299
2193891949
2193889158
2193886501
2187003758
2185835440
1008260935
2108824004
1851399966
2180376812
2179306315
2179298357
2179287632
2179285003
2179282238
2174459638
2168769897
2156815286
2156812559
2156809811
2155706929
2147573855
2118641265
2108850272
2108847713
2108844849
2108842274
2108839709
2108837207
2108834633
2108832093
2108829426
2108826542
2108821392
2108818781
2108816241
2108810724
2108807965
2108805314
2108799757
2108797160
2108794564
2108791902
2108789269
2108786618
2108784003
2108781198
2108778283
2108775444
2108772634
2108769704
2108766931
2108764336
2108760558
2108757187
2108753104
2108749367
2108745739
2108741999
2108731923
2108728338
2108724755
2108720999
2108717427
2108713808
2108710289
2108706863
2101343014
2101340280
2099481986
2096328740
2096093072
2095984551
2095981822
2095979033
2095976288
2095973572
2095970753
2095968099
2095965448
2095443924
2095440650
2090861540
2090858988
2090864234
2084971331
2080898768
2078807283
2078804705
2078794541
2078791698
2078788873
2078786004
2078783191
2078780441
2078777806
2072459870
2063398972
2063398900
2056397908
2056395362
2056392755
2055836887
2049082139
2041328505
2034585127
2034582341
2032998575
2032998544
2032998296
2030137476
2029172024
1147745977
1147740090
2027360347
2027356415
2027352710
2027348595
2027269677
2022044476
2006900978
1996334750
1996280221
1995591623
1995589022
1995586925
1994405547
1986740777
1986127448
1985967665
1147778788
1958339136
781886788
781883823
1952025657
1941615274
1950154159
1950151488
1942687017
1940038330
1940035809
1940033293
1859968309
1939896489
1939893937
1939223225
1774458744
1373523846
1269128318
1269125579
1269117575
1269114924
1931796693
1929590827
1928781364
1928041463
1928038770
1928036041
1928033237
1915689130
1913476963
1910933261
1908827267
1908824488
1908821848
1908819077
1908816251
1908813378
1908810554
1908807689
1908805055
1908802236
1908799465
1908796675
1908793834
1908791043
1908788209
1908784908
1908782303
1908779592
1908777012
1908774193
1908771510
1908768636
1908765896
1908763077
1908760131
1908757496
1908754584
1908751786
1908748976
1908746266
1908743596
1908740774
1908737912
1908735133
1908732361
1908729533
1908726669
1908723867
1908721114
1908718373
1908715768
1908713154
1908710351
1908707684
1908705231
1908702697
1908700550
1908697864
1908695259
1908692543
1908689894
1908687063
1908684427
1908681672
1908678863
1908676099
1908673363
1908670655
1908667922
1908665193
1908662211
1908659481
1908656658
1908653953
1908651109
1908648282
1908645602
1908642836
1908640039
1908637262
1908634522
1908632242
1908629557
1908626671
1908623882
1908621068
1908618117
1908615352
1908612568
1908609874
1908607079
1908604260
1908601559
1908598849
1908595966
1908593200
1908590392
1908587923
1908585157
1908582593
1908579842
1908577108
1908574474
1908571724
1908568875
1908566187
1908563396
1908560552
1908557160
1908552358
1908549539
1908546679
1908543988
1908541141
1908538610
1908535792
1908533075
1908530358
1908527579
1908524738
1908518462
1908515596
1908512830
1908510008
1908507187
1908504419
1908501840
1908499216
1908496394
1908493636
1908490982
1908488237
1908485171
1908482417
1908479630
1908476933
1908474176
1908471380
1908468685
1908465934
1908463085
1908460271
1908457606
1908454724
1908451925
1908448276
1908445361
1908442632
1908439788
1908436999
1908434167
1908431365
1908428458
1908425767
1908423187
1908420348
1908417622
1908414869
1908412134
1908409308
1908406477
1908403635
1908400786
1908398019
1908395331
1908392507
1908389922
1908386700
1908383864
1908381091
1908364702
1908361815
1908359186
1908356295
1908353577
1908350848
1908348127
1908345394
1908342573
1908339720
1908337061
1908334375
1908331642
1908328849
1908326126
1908323391
1908320627
1908317732
1908314983
1908312116
1908309557
1908307034
1908304388
1908301779
1908298957
1881737711
1881734982
1877773464
1877770729
1876393991
1870121564
1870119079
1870116313
1869528131
1865318698
1563880260
1862191015
1851407383
1851403766
1851396284
1851392482
1851388859
1851330171
1846452364
1840494331
1840491408
1840162849
1839983946
1839957712
1837833071
1828326933
1828324364
4090650
1812775976
1813569470
1810205276
1799585783
1799451554
1799448748
1799442066
1799439323
1799436576
1799430156
1799427526
1799424778
1799421605
1799414838
1799408579
1799400986
1799393125
1799385803
1799378987
1799371750
1799364964
1799357246
1799350212
1799343108
1799336145
1799328966
1799321248
1799313687
1799306409
1799302938
1799300334
1799297713
1799295114
1799292614
1799289959
1799287371
1799284765
1799282164
1799279538
1799276724
1799273955
1799271506
1799268995
1799266402
1799263806
1799261242
1799258725
1799256127
1799253424
1799250760
1799248179
1799245676
1799243007
1799240306
1799237727
1799235171
1799232361
1799225444
1799222844
1799220172
1799217554
1799217552
1796951429
1796077847
1785982429
1783193940
1783131278
1783128093
1783125020
1783121777
1783118745
1783115693
1783109850
1783106724
1783103639
1783100679
1783097843
1780012107
1780008389
1778171980
1778169404
1777211312
1511840790
1511840789
1760491771
1760488781
1760486003
1760483029
1760480067
1760477091
1760474133
1760471157
1760468217
1760465243
1760462414
1760459413
1760456554
1760453594
1760450581
1760447840
1760444934
1760442139
1760439277
1760436303
1760433386
1760430385
1760427541
1760424669
1760421673
1760418858
1760415855
1760413040
1760410063
1760407177
1760404329
1760401303
1760398406
1760395538
1760392542
1760389566
1760386605
1760383645
1760380741
1760377884
1760375003
1760372039
1760369175
1760366254
1760363326
1760360438
1760357572
1760354620
1760351675
1760348867
1760346071
1760343166
1760340282
1760337307
1760334233
1760331304
1760328357
1760325585
1760322618
1760319745
1760317018
1760314063
1760311249
1760308504
1760305678
1760302895
1760299965
1760297166
1760294360
1760291476
1760288572
1760285683
1760282713
1760279784
1760276801
1760273987
1760271084
1760268209
1760265436
1760262462
1760259518
1760256317
1760252907
1760248987
1760245239
1760241536
1760237816
1760227429
1760224661
1760221674
1760218782
1760215864
1760213070
1760210079
1760207106
1760204245
1760201506
1760198724
1760195853
1760192388
1760183133
1760180191
1760177266
1760174379
1760171431
1760168633
1760165664
1760162820
1760159885
1760157172
1760154299
1760151373
1760148454
1760145481
1760142703
1760139687
1760136821
1760133933
1760131131
1760128271
1760125262
1760122322
1760119528
1760116554
1760113608
1760110717
1760100197
1760097288
1760094427
1760091529
1760088637
1760085663
1760082897
1760080027
1760077147
1760074224
1760071259
1760068261
1760065439
1760062676
1760059731
1760056857
1760053963
1760050989
1760048038
1760045237
1760042241
1760039572
1760036602
1760033772
1760030871
1760027939
1602083784
1602080981
1602080956
1602078157
1602075369
1520091010
1359105250
1342688188
1750990749
1346710851
1346708089
1346705390
1346702477
1346699687
1346696835
1346694066
1346691238
1336599994
1336590608
1336587727
1335864971
1335862171
1335859400
1335856424
1335853658
1335850945
1335846595
1335835732
1743112965
1737749930
1735557613
1735489259
1735482239
1735479353
1734207039
1734204334
1734204309
1734201626
1734201590
1734198865
1734198823
1734196238
1734196234
1734193720
1734191208
1734191167
1734188578
1734188532
1734185971
1733377579
1733374753
1733371935
1343894278
1723309051
1721162090
1721159306
1714201779
1714044828
1712362547
1712359720
1712357011
1712354297
1712351406
1712348700
1712346037
1712337472
1712334682
1712331861
1705047637
1705044906
1686950346
1686938837
1679647795
1678504468
1678590288
1678300400
1678300352
1678300328
1438927391
1674523067
1674515771
1674513033
1674510194
1672768747
1663099664
1663095690
1663091809
1663088249
1663078185
1663074341
1649828092
1349804627
1321388336
1616388093
1613890206
1612186911
1612182815
1612175217
1612169261
1612159980
1612151733
1607178393
1607175576
1601841329
1597673518
1345620878
1321411704
1321387458
1320833247
1520096216
1575115828
1573112729
1573109961
1569645394
1569642733
1247186146
1566528744
1566424515
1566421743
1465198127
1564228998
1520093804
1336584932
1335843952
1335841160
1335838461
1559464161
1559464159
1546946294
1540305591
1538972269
1537818094
1534883084
1526146186
1487689018
1473027770
1465729013
1465726307
1465723744
1465398617
1465395834
1463728481
1463725386
1463721865
1463675549
1463669422
1448605073
1441474403
1441471806
1441469071
1441466401
1441463897
1441461393
1441458773
1441438016
1441435320
1441432667
1441430143
1441427618
1441425091
1441422514
1441419933
1441417383
1441414870
1441412202
1441409533
1441407042
1441404442
1435959389
1434698105
1434695380
1431851275
1420808882
1420807412
1418434134
1417807335
1417807248
1408963053
1408960015
1398313364
1398310894
1398308137
1398305405
1398302605
1395909283
1395817365
1395814702
1395812054
1395809187
1395806426
1395803752
1395801030
1395798254
1395795524
1395792743
1395790130
1395206094
1395203365
1394835480
1394832777
1394788304
1384414393
1384411882
1384409230
1384406464
1384403838
1388190646
1388187698
520996365
1384345818
1384345817
1384345816
1373516934
1373488015
1373290509
1373211961
1373209332
1373174672
1373171817
1365613925
1365300280
1352282857
1338043423
1176819000
1333434557
1243413617
1243408742
1318786463
1318783785
1315379082
1285319719
1279695574
1279128150
1279125304
1276638748
1270108928
1270108897
1250040000
1200853003
1200850421
1172212723
1172210103
1211161856
1209141543
1209137465
1208693652
1208693650
1192786383
1179031044
1178898146
1169611722
1137415882
1158660435
1158660436
1147796449
1147793510
1147790571
1147787626
1147784686
1147781737
1147775839
1147772890
1147769901
1147766952
1147764006
1147761132
1147758188
1147755244
1147752300
1147743035
1147737146
1147734201
1147731271
1147728341
1147725397
1141961720
1141961716
1141961713
1141961687
1141958908
1133594566
1133392934
1133373625
1114087525
1102949681
1102759359
1083251620
156720466
150373012
47208328
47118324
47118312
1064271386
974152716
88193823
66775708
4090653
961586173
961572904
961570270
1034305643
1034302945
700315490
1026653763
1026650018
1026646442
1026642837
1026605321
1015526302
1016591971
974700633
974697948
1015536760
1015534143
1015531469
1015528843
1015523773
1003112629
1003109676
1003459616
49243355
49240382
49168429
595636499
974161314
974158397
974155539
974149849
269939526
959165045
930587471
930584899
953000921
941146344
941142962
941139768
929858715
927048389
803444476
827440804
827446143
827443540
828461663
828444881
743649775
743624649
743618732
743615870
743612995
743602172
408434508
408432519
408426549
408424560
408422572
479274824
408436493
408430526
408428537
385195117
344176319
312828563
82655308
283469229
87125858
675300911
748807120
685631213
703576232
584463070
670938612
657154530
640834542
636561279
147739516
537389513
537376647
514002521
404438823
374362062
364521287
329312723
311222926
302749911
298693322
262073980
87201381
57284222
545582967
160367075
554590848
545580417
532126991
312436391
